time,x,y,z,phi,theta,psi,x_velocity,y_velocity,z_velocity,phi_velocity,theta_velocity,psi_velocity,rotor_speed1,rotor_speed2,rotor_speed3,rotor_speed4
0.06,2.21426693732e-08,2.6998538109e-08,10.0043338079,6.28278304217,6.28315672508,0.0,2.27107513169e-06,-1.50314518263e-05,0.144452189831,-0.0255562074238,-0.00144663011306,0.0,450.99604004434656,450.87921362987214,451.66090462583657,449.5955053689696
0.12000000000000001,1.15589324454e-06,-1.59163619898e-05,10.0172276512,6.28088517147,6.28304380264,0.0,4.62950377465e-05,-0.000697272875424,0.2853170048,-0.0479613741429,-0.0027674673779,0.0,449.5880318183702,449.4810603242561,450.8004632615666,448.98623984845034
0.18,7.76854573282e-06,-0.000119394642487,10.0384276795,6.27792697134,6.28271203839,0.0,0.000200119622509,-0.00306494505756,0.421308588568,-0.0521311879296,-0.0117216735242,0.0,448.3512826247679,447.62341090055384,448.74439464332335,448.40434437695217
0.23999999999999996,3.46309115633e-05,-0.000446508166318,10.0706157294,6.27497140695,6.28164582824,0.0,0.000797522597755,-0.00820650765922,0.65152090654,-0.0440604945585,-0.0340033403176,0.0,477.67535550008193,475.97346158535885,476.1713741861218,476.78693062758884
0.3,0.000125566769146,-0.0011356689744,10.1146668019,6.27241743664,6.27985408094,0.0,0.00244622532226,-0.015054627093,0.816741167558,-0.0397343156713,-0.022655182697,0.0,456.7787064083482,457.68238760749125,457.789024709444,458.13214679702816
0.36000000000000004,0.000347548927645,-0.00227395158483,10.1670001968,6.27027792832,6.2784820408,0.0,0.00509438759183,-0.0231204662133,0.927618171966,-0.0285507604817,-0.0232950052867,0.0,441.32164031827494,441.2687896720982,440.340360045905,441.26381688519973
0.4200000000000001,0.000764223069623,-0.00395687077574,10.2273544595,6.26852343705,6.27677710123,0.0,0.00896227604991,-0.0331663538384,1.08405143935,-0.0306598783256,-0.0413807255834,0.0,455.9804775136995,454.5332929548837,455.5463766086893,455.37748294534754
0.48000000000000015,0.00144090885397,-0.00625030762011,10.2949581797,6.26647238432,6.27399827697,0.0,0.0138534910729,-0.0434733428913,1.16931714482,-0.0423748529069,-0.0586657230116,0.0,434.1745556182495,432.72067399246157,433.89408945673796,432.9090273381332
0.5400000000000001,0.00250608941955,-0.00926782008918,10.3712583918,6.26378445056,6.26999936493,0.0,0.0220812809732,-0.0574131398059,1.37378975975,-0.0501490544251,-0.0916921290585,0.0,472.2916167026952,469.73425784451325,469.8560020408182,469.2519146993818
0.6000000000000002,0.00417793016712,-0.0131988288332,10.4604412961,6.26147923801,6.26433309414,0.0,0.0343147030342,-0.0739266404631,1.59866958698,-0.0217082224439,-0.100583685679,0.0,476.76846705358315,476.0817427591266,476.0513872847924,478.2216736700225
0.6600000000000003,0.00655249802143,-0.0179813435983,10.5545023835,6.2600777791,6.25801790266,0.0,0.0453195909874,-0.0855976841583,1.53677257171,-0.0268788655783,-0.116764820814,0.0,386.0548809982549,384.51338752279054,384.7225651682909,384.2325628307375
0.7200000000000003,0.00991153989825,-0.0236837185329,10.6532409189,6.25827144906,6.25145874511,0.0,0.0674463791972,-0.104676872641,1.7541755342,-0.0374970945774,-0.0975245252616,0.0,474.6274152868899,476.0917375337412,475.26800613758684,474.45330250315357
0.7800000000000004,0.0145742319066,-0.0304399549264,10.7595973731,6.25571851691,6.24577562525,0.0,0.0885086705299,-0.120749341656,1.79095681423,-0.0552858894464,-0.089630258127,0.0,419.50203341879705,420.17868601362716,420.2204384560776,418.67447431579933
0.8400000000000004,0.0207226594463,-0.0382977443409,10.8712089156,6.25245856008,6.24081033459,0.0,0.116984096323,-0.141524221461,1.92916968425,-0.0524918468954,-0.0716930228097,0.0,451.1799565793935,452.62012749528543,452.46098143629587,452.6839426969377
0.9000000000000005,0.0286945142575,-0.0474797655571,10.9913490976,6.24954811033,6.23653860093,0.0,0.14919955885,-0.164863412997,2.07521391688,-0.0415406844096,-0.0702192689182,0.0,454.3357291230254,454.4500950610762,455.5519592961323,456.4253255244872
0.9600000000000005,0.0387051311272,-0.0581331927794,11.1205187703,6.24700224339,6.23298807099,0.0,0.184894159498,-0.190517948776,2.23011692977,-0.0442737057782,-0.0431860461898,0.0,458.28418100084036,460.4251997503365,457.7663957043187,457.54794801488435
1.0200000000000005,0.050721125055,-0.0702322826301,11.2548606503,6.24437789292,6.23106522337,0.0,0.215833434409,-0.213021064087,2.24788633144,-0.0426912969999,-0.0159540542495,0.0,413.36574887659873,415.75786699050246,416.23242690654104,416.3696678916999
1.0800000000000005,0.0648108121291,-0.0838696858019,11.3938405705,6.24169395088,6.23015317788,0.0,0.253907177734,-0.241829905141,2.38447859066,-0.0491621183647,-0.0137352531469,0.0,453.67990681013794,453.8581229261237,453.9167041396648,453.3960289069119
1.1400000000000006,0.0809928082554,-0.0991282200969,11.5370493384,6.23940313573,6.22891340454,0.0,0.285575767243,-0.267013099151,2.38911634237,-0.0222547558831,-0.0404742366394,0.0,412.5796039954318,410.2119191577969,411.0307651812833,413.40742581704967
1.2000000000000006,0.0993113390894,-0.116102230786,11.6843496122,6.23811841914,6.22630444004,0.0,0.325292273379,-0.298914977687,2.52058115709,-0.0197776137519,-0.0503028209534,0.0,453.56257890620947,452.7715121874514,452.42165428434635,452.62105773031146
1.2600000000000007,0.119872137247,-0.134861064163,11.8360770896,6.23650165831,6.22343867755,0.0,0.360326599242,-0.326498242734,2.53693525855,-0.0478439206703,-0.0431146816762,0.0,417.33336670436563,417.95874299862345,416.66150312848464,414.2001674333319
1.3200000000000007,0.142891027385,-0.155549503888,11.9938445433,6.23347501411,6.220716462,0.0,0.407244690799,-0.363433525038,2.72150907613,-0.0562281829836,-0.0503115558551,0.0,470.3938743356839,469.83515255383924,469.69442504365526,469.04227149167906
1.3800000000000008,0.168484990981,-0.178283851415,12.1578624076,6.23016158579,6.21788180956,0.0,0.446145520049,-0.394678945189,2.74564936181,-0.0532878849353,-0.0417257265398,0.0,418.99956820195024,419.7438271472771,421.2157389318188,421.4677027832089
1.4400000000000008,0.196723898788,-0.203165851917,12.3272770357,6.22672468943,6.21512878398,0.0,0.49540965654,-0.43506453089,2.90106486465,-0.0667828981167,-0.0558621436786,0.0,463.442609414649,462.3289555284467,462.0475730067985,460.98024789541915
1.5000000000000009,0.22781098455,-0.230407324759,12.5035116569,6.22344263223,6.21142119164,0.0,0.54115085452,-0.473323712379,2.97317312902,-0.0376283867678,-0.0775785247484,0.0,438.8692050098585,437.05998069821624,435.25256338747545,437.6833977328307
1.560000000000001,0.261499777037,-0.259822159171,12.6810403081,6.22086924907,6.20633731048,0.0,0.582208501837,-0.507373791601,2.9444631898,-0.0563200937591,-0.105539164812,0.0,405.821193269229,403.2963904583498,404.7094965147207,403.0222173863443
1.620000000000001,0.298062824779,-0.291585263469,12.8609365207,6.21754817422,6.20035566021,0.0,0.637165191311,-0.551722319114,3.05169451809,-0.0534814608278,-0.0900196188587,0.0,446.5047332393367,447.7604375385575,450.5089182849154,450.7363647776893
1.680000000000001,0.338022502564,-0.326059494596,13.0469930249,6.21531782323,6.19455964511,0.0,0.695359373386,-0.597664984202,3.14982470554,-0.0161654530486,-0.11491217971,0.0,448.450661102361,446.4157765157802,444.7199699354408,447.76513905931114
1.740000000000001,0.381385412363,-0.363169257087,13.2365724159,6.21403960635,6.18806041613,0.0,0.750660452067,-0.639422110244,3.16934109633,-0.0343274406097,-0.0976348299245,0.0,421.18575255324333,422.6662086862605,423.332503176372,421.7666775820842
1.8000000000000012,0.428495046117,-0.403038006578,13.4305572801,6.21165839274,6.18223300664,0.0,0.820235664717,-0.689741854756,3.29634209971,-0.0534494879078,-0.0961206984566,0.0,456.5883990852896,456.70139112077385,457.9644711270492,456.4400790538888
1.8600000000000012,0.480090030312,-0.446113605819,13.6339683403,6.20813397554,6.1761738839,0.0,0.900204861923,-0.746451143333,3.48331924464,-0.0722673688831,-0.113111211188,0.0,476.45666826669856,475.1476157016976,476.9459204170512,475.50421405223153
1.9200000000000013,0.536115451083,-0.492321994065,13.8438823779,6.20358321418,6.16966232047,0.0,0.967895083237,-0.794224227375,3.51357135795,-0.0841815486083,-0.100655864154,0.0,427.9369547588108,428.98497855220523,429.54175745547633,428.5253053979425
1.9800000000000013,0.596964065178,-0.541934213639,14.0611723567,6.19849380926,6.16364564463,0.0,1.06101360949,-0.860057407835,3.72853593271,-0.0861381958356,-0.0995331630668,0.0,485.6915047248654,485.76796241536033,486.77250455600876,486.6208341676578
2.0400000000000014,0.662873666026,-0.595147994257,14.2858427048,6.1935456444,6.15864879554,0.0,1.13643519456,-0.91418620201,3.76020328981,-0.0759938000761,-0.0623282087491,0.0,431.02050838040043,434.14705119496176,430.3355049686421,431.1875995359642
2.1000000000000014,0.733224048243,-0.651579787775,14.5110667494,6.18858434986,6.15567766543,0.0,1.20883978673,-0.967278330397,3.74717384032,-0.101477781972,-0.0317166457695,0.0,417.33919883965973,420.0007937516661,417.17200613875053,414.93416701836713
2.1600000000000015,0.80834747153,-0.711575206607,14.7384812712,6.18282133091,6.15371875779,0.0,1.29540119646,-1.03312970993,3.83286139611,-0.0869593553565,-0.0345800384615,0.0,449.2431301887765,449.0104821117999,449.86756849290504,451.0338611258321
2.2200000000000015,0.888545706011,-0.775516587095,14.9698383981,6.17724553462,6.15175305693,0.0,1.37801156823,-1.09873666576,3.87872963507,-0.108855532974,-0.0293533193555,0.0,438.44188730027355,438.8755250889066,438.34876402488953,436.5175012337836
2.2800000000000016,0.973708855359,-0.843487520036,15.2037529433,6.1707407192,6.15007790981,0.0,1.46086717672,-1.16755145759,3.91811112712,-0.107544787248,-0.0251952338735,0.0,436.48505095965686,436.8317364174036,436.5822548236742,436.6810367298308
2.3400000000000016,1.06430689481,-0.916081236727,15.4432523694,6.16415284007,6.14850228721,0.0,1.55912515731,-1.25288541055,4.06446758548,-0.114730428268,-0.0284802928257,0.0,471.92077927621443,471.6670247375453,470.0472145346912,469.48001088983364
2.4000000000000017,1.16077047416,-0.993890502639,15.6910770447,6.1579647784,6.14620943334,0.0,1.65640944821,-1.34138369956,4.19564054069,-0.0865675947981,-0.0786308849203,0.0,469.4056006261966,465.49593815945786,466.8636069546977,469.04691146416934
2.4600000000000017,1.26220314628,-1.07630009657,15.9401301006,6.15286565256,6.14172183526,0.0,1.72503103055,-1.40602525029,4.10626985266,-0.081997219471,-0.0680544260538,0.0,396.1684669380567,397.1347212959376,396.51818964439497,396.9310027405723
2.520000000000002,1.36781798576,-1.16267023152,16.1838311674,6.14793761326,6.13793071335,0.0,1.79576142121,-1.47338901105,4.0172383495,-0.0824087599774,-0.0548946351169,0.0,395.3597817382078,396.56707547598234,397.0019919260058,396.9578672351008
2.580000000000002,1.47855219764,-1.25392274151,16.4277445517,6.14292497375,6.13452318361,0.0,1.89561623303,-1.56881387811,4.11259646533,-0.0859154072076,-0.0608845656904,0.0,458.5128574702133,458.034578977824,457.40396532483453,457.11910142818834
2.640000000000002,1.59533663078,-1.35100151636,16.6773116773,6.13787647133,6.13057666049,0.0,1.9974726296,-1.6676047134,4.20566921356,-0.0808134533192,-0.0779894984299,0.0,459.3054006232179,457.9435078520928,457.89957746396846,458.2997381713637
2.700000000000002,1.71789733904,-1.45372349299,16.929790189,6.13342724091,6.12608753868,0.0,2.08823075748,-1.75686237547,4.2099923453,-0.0633753809994,-0.069134002996,0.0,430.71439130908726,431.45816233718347,430.59607707172495,432.06432471721286
2.760000000000002,1.84605394461,-1.56195556613,17.1829933129,6.12933454477,6.12143657832,0.0,2.18397188337,-1.85121517275,4.22976055073,-0.0802515301503,-0.104961981003,0.0,438.461722664849,435.4690762929999,437.5996491790208,436.1886761272988
2.820000000000002,1.98019693682,-1.67607742837,17.4382921679,6.12458651806,6.11512035856,0.0,2.28796498477,-1.95325728924,4.27964072203,-0.0769883440633,-0.105893736213,0.0,447.70687357901204,447.62144929508736,447.3069281546476,447.5676519936627
2.880000000000002,2.12037275492,-1.79611873911,17.6946994597,6.12004224235,6.11017031889,0.0,2.38496916829,-2.04851482283,4.26699063351,-0.0733488961593,-0.0562638873918,0.0,426.1541520450173,430.3689403191913,428.0674784918318,428.372354639843
2.940000000000002,2.26717441315,-1.92264408687,17.9544617923,6.11585374427,6.10625791495,0.0,2.50861615129,-2.16936159844,4.3908889141,-0.0635334264813,-0.0967121249567,0.0,475.3463848589293,472.23271175472365,470.78223269975706,471.5377401519098
3.000000000000002,2.4213774312,-2.05641857745,18.221063093,6.11178119103,6.10045708687,0.0,2.63191809967,-2.29010412069,4.49495981087,-0.0783966943154,-0.0966172777581,0.0,467.21375125110626,467.21366309295865,469.85970025074323,468.702543152656
3.0600000000000023,2.58275343324,-2.19721982357,18.4920784907,6.1067567287,6.09442763925,0.0,2.74771124066,-2.40367774789,4.53826126726,-0.0974449699348,-0.109645220058,0.0,451.61554686491877,450.55467401597986,451.65590364228206,450.110958612544
3.1200000000000023,2.75097271872,-2.34474495692,18.7645634427,6.10152015107,6.08844991045,0.0,2.86004775523,-2.51429012129,4.54408043128,-0.0722433899445,-0.0847671191434,0.0,439.43300941221645,441.4817826831864,438.91729229845424,440.9974848736215
3.1800000000000024,2.9265368896,-2.49947175038,19.0398989247,6.09676126279,6.08344958352,0.0,2.99240750174,-2.64363324468,4.63289092734,-0.0997522445613,-0.0806267494761,0.0,467.02640131050754,467.3439774223068,469.4256169532196,467.2807110108069
3.2400000000000024,3.10956300379,-2.66154788814,19.3177689093,6.09035914909,6.07860290292,0.0,3.10876906175,-2.75942584806,4.6289710317,-0.126585891076,-0.0810820682316,0.0,439.4647146907749,439.421622285272,441.5961229604112,439.3660597437128
3.3000000000000025,3.30021502984,-2.83122618789,19.5980489467,6.08271887432,6.07383940859,0.0,3.24656158583,-2.89716807686,4.71269420051,-0.128884390879,-0.0762103471493,0.0,468.591612461352,468.9655318409167,469.692465902139,469.50029542011964
3.3600000000000025,3.49905629778,-3.00918025047,19.882558151,6.07474688812,6.06922853392,0.0,3.38171620474,-3.03529500175,4.77004018886,-0.142326479482,-0.078153749975,0.0,463.39453867850483,463.23730532240137,463.293013471314,462.21908590427165
3.4200000000000026,3.70579562111,-3.19531256754,20.1691615838,6.06649384206,6.06438317287,0.0,3.50985200706,-3.16981227478,4.78268752467,-0.129401305875,-0.0865436262992,0.0,450.3463736368165,449.6618952775387,450.82072120062446,451.8467600935673
3.4800000000000026,3.92058093811,-3.3899456435,20.4577019826,6.05871589614,6.05908830708,0.0,3.64993354376,-3.31859233354,4.83434613439,-0.130098240155,-0.0918919441082,0.0,465.1414576969002,464.71623257915,464.69671613930626,464.62748502902497
3.5400000000000027,4.14279122849,-3.59261943778,20.7447290476,6.05104618968,6.05360089987,0.0,3.75742764561,-3.43784493566,4.73308212384,-0.123640852882,-0.0906009857159,0.0,415.79456775397455,415.90002005641,415.27824782234774,415.8282294493375
3.6000000000000028,4.37256276288,-3.8036031806,21.0299666295,6.04305731068,6.04819242653,0.0,3.90189276145,-3.5955485818,4.77384306873,-0.170161527231,-0.0892378234036,0.0,464.3462604166918,464.446792144226,465.2484898467922,461.5736984473694
3.660000000000003,4.61147461325,-4.02460719085,21.3191393458,6.03246334179,6.04337996406,0.0,4.06201230557,-3.77209259393,4.86381146921,-0.194144927908,-0.0664749322488,0.0,481.24942829213273,482.96480401530397,482.0433399388379,480.19913238927205
3.720000000000003,4.85898836561,-4.25533197346,21.6093527799,6.02135070441,6.03894182611,0.0,4.18861844498,-3.91963074549,4.80936238863,-0.171600920085,-0.0964156708298,0.0,438.4774897251637,435.9776305944362,437.5374642270663,439.3764881729888
3.780000000000003,5.11383824581,-4.49476440407,21.8949958674,6.0117970249,6.03345792052,0.0,4.3066941416,-4.06223345021,4.71169177425,-0.141873343312,-0.082894113357,0.0,424.08734027380774,425.23993873322775,422.5917992444513,425.1209514855781
3.840000000000003,5.37588080373,-4.74295624898,22.1748886303,6.0031356658,6.02858482604,0.0,4.42830841163,-4.21153735211,4.61768576768,-0.149844379118,-0.078063033263,0.0,426.65522125625426,427.0619580786023,426.3202106203629,425.6178768714235
3.900000000000003,5.64565884009,-5.00066838769,22.4504986312,5.99391658371,6.02335287677,0.0,4.56448374596,-4.37959401506,4.56859233998,-0.162613111164,-0.12035819385,0.0,444.48931615345356,441.00130684245784,443.728540487169,442.6562882653945
3.960000000000003,5.92300854243,-5.26791166592,22.7206673635,5.98448315697,6.01606811383,0.0,4.68093387149,-4.5292788538,4.43668692227,-0.148191084384,-0.123607594081,0.0,415.13339305661054,414.833614130054,415.509827273352,416.74716228200896
4.020000000000002,6.20843280519,-5.54536340714,22.986325224,5.97524429244,6.00866308488,0.0,4.83357565865,-4.71977936401,4.41745384026,-0.16923247555,-0.123039331864,0.0,454.9279584266376,454.9600474347967,457.631361499066,455.9308874623648
4.080000000000001,6.50290745451,-5.83419151161,23.2499894999,5.96530952313,6.00136889109,0.0,4.98259698778,-4.90856674724,4.37031009907,-0.159132865086,-0.118784686652,0.0,449.27141076951773,449.6031479015024,448.2468022325276,449.0410273941368
4.14,6.80565645485,-6.13370006366,23.5082145221,5.95546587155,5.99413726887,0.0,5.10941582458,-5.07582062968,4.2366877913,-0.176379767244,-0.124257761529,0.0,421.23083523199045,420.7431178522634,421.4803931222901,419.9590431679639
4.199999999999998,7.11649824179,-6.44384342968,23.7596003235,5.94447344204,5.98647897273,0.0,5.25233386592,-5.26308759831,4.14194532669,-0.202535986868,-0.135431992666,0.0,436.23997571810645,435.29031008307504,437.8895660887648,435.6736484419592
4.259999999999997,7.43638932766,-6.76582443331,24.0063376582,5.93251851578,5.97800074574,0.0,5.41106423187,-5.47044653891,4.08132686257,-0.193382803441,-0.156855135949,0.0,451.6313217122739,449.8809344666175,450.03350332674813,450.73561806378336
4.319999999999996,7.76535872576,-7.09983818215,24.2476144192,5.92148047377,5.96814180953,0.0,5.55506778692,-5.66413902819,3.96025295697,-0.169796889793,-0.186564042059,0.0,433.2863633654014,430.75312370667723,431.45272375619714,433.40564254632585
4.379999999999995,8.10385291277,-7.44646947982,24.4836401744,5.91076371269,5.95731576326,0.0,5.72861408807,-5.89087208711,3.9056918233,-0.209033092664,-0.170374761815,0.0,457.2623158047032,458.5198755898116,460.32424980222396,457.176521438843
4.439999999999993,8.45163982238,-7.80552980803,24.7127233003,5.89832932298,5.94726145042,0.0,5.86478760642,-6.07867142326,3.7295797691,-0.203880586544,-0.16249141103,0.0,418.04024791588853,418.6980149964234,417.42671509802324,417.83098670954615
4.499999999999992,8.80965862777,-8.17814303071,24.9362466365,5.8862649124,5.93774357378,0.0,6.06946099083,-6.34243826833,3.71901978039,-0.195987467166,-0.151861918684,0.0,477.7210061537859,478.50903345095526,480.6445968292433,481.20628009002144
4.559999999999991,9.17925721536,-8.56590535743,25.1567816121,5.87555814538,5.9285526541,0.0,6.25077893511,-6.58364773338,3.63052982929,-0.156438363978,-0.155958524288,0.0,457.08221458650735,456.7340681691954,456.56772091490035,459.6819405757926
4.6199999999999894,9.55877659385,-8.96718056382,25.3691792059,5.86591808877,5.91907218533,0.0,6.40026509607,-6.79292134195,3.4484855133,-0.170842042233,-0.162452057985,0.0,427.1394747180917,426.5602965138235,427.33940341962796,426.08346663355144
4.679999999999988,9.94815574499,-9.38202198292,25.5723947265,5.85613279387,5.90912492961,0.0,6.57935681427,-7.03574898728,3.32384881282,-0.150909701289,-0.173457887559,0.0,450.9253780336343,450.0091459907544,450.4132544265117,451.9976509667218
4.739999999999987,10.3495529022,-9.81282413785,25.7706042154,5.84764154586,5.89876649706,0.0,6.80076311101,-7.32467215914,3.28087198678,-0.127376549645,-0.171056227586,0.0,483.37955591989277,483.5345670981754,482.8990191432692,484.6542086859009
4.799999999999986,10.7625571693,-10.2592397438,25.9619560322,5.84051271994,5.88838622301,0.0,6.96642649871,-7.55645239033,3.09639917592,-0.105639782425,-0.177210961348,0.0,437.5540210605394,437.0117944450806,436.69820920860286,438.4949970792197
4.859999999999984,11.1870191637,-10.7211583743,26.145118114,5.8337695747,5.87811969877,0.0,7.18250496786,-7.8411324236,3.00702249854,-0.131385639897,-0.161086399847,0.0,474.43863336842617,475.64919973775017,476.9976982516235,475.0161159869198
4.919999999999983,11.6254966845,-11.2012569084,26.3246423125,5.82622901963,5.86852085401,0.0,7.43335027997,-8.16233687357,2.97446567522,-0.116190868102,-0.157859087745,0.0,500.1318246816076,500.34571745530405,499.570537029887,500.6650115978049
4.979999999999982,12.0755790247,-11.6972320678,26.4947269282,5.8204733006,5.85937491602,0.0,7.5698036813,-8.37103792744,2.694519026,-0.0718284969045,-0.143346256806,0.0,412.7880441720923,414.0433145094819,411.7406670208839,415.6386907782927
5.0399999999999805,12.5362583317,-12.2082052129,26.6525214012,5.81576087479,5.8510453769,0.0,7.78615542631,-8.66176129606,2.56356747434,-0.097405105839,-0.131053154033,0.0,473.533212237515,474.4615927148766,472.97424647764683,470.9947671566959
