Episode,Reward,Action,Best_Score,Position_x,Position_y,Position_z
1,6358.622563578429,"[-0.19632428981561667, 2.0310934526602922, -0.3728635509532785, -0.5597206975916712]",6358.622563578429,0.016678624943119814,-0.0026774332962500387,0.0
2,6358.624194811256,"[0.10552068454310137, 2.0527198551812114, -0.89075156438006209, -0.9451094199586767]",6358.624194811256,0.016262515015266567,-0.002268357055972458,0.0
3,6358.622792516577,"[-1.1342258349261458, 2.3770623925344037, -0.089406853830937563, -1.7200752005734206]",6358.624194811256,0.01650005081144135,-0.0019218134574391053,0.0
4,6636.758061649313,"[-10.955204823605158, 12.715763966729, -9.2254721846396865, -13.598658877792614]",6636.758061649313,0.14342803241951263,-0.3053761572703226,0.0
5,7508.042127396182,"[-178.52593024967854, 209.23722126948448, -172.25108833741282, -197.74963267455362]",7508.042127396182,-1.1289255950424775,1.5015203628816323,0.0
6,63235.20820615566,"[-694.185795900215, 715.48353727457391, -670.53224952390076, -689.60916859414817]",63235.20820615566,-9.634197230669347,5.501053483871597,0.0
7,104798.47998442927,"[-900.02919920595366, 900.25803193154445, -900.81441564093632, -899.82909668694685]",104798.47998442927,-11.577285660398747,36.45248495479643,0.0
8,121881.0758618908,"[-899.90367540396687, 900.49029849944918, -899.84472281935223, -900.11671619693277]",130115.55651389231,150.0,150.0,247.79896439062293
9,115296.53705896813,"[-900.14487154293124, 900.12826022524189, -899.58884353354881, -900.26220169884778]",130115.55651389231,150.0,-150.0,184.65810792857778
10,131728.91283966805,"[-899.93048640423092, 900.05560012220872, 900.68714140310192, -899.68605386854642]",131833.2150844198,92.29135461069647,7.499546107422361,86.76046939584238
11,119904.67504477955,"[-899.4678844051291, 899.91760803350769, 899.97661271342167, -899.55355197517429]",131833.2150844198,-4.7516799525902105,150.0,0.0
12,124103.3443801685,"[-900.47471872216488, 900.03157747481737, 899.7773614596, -900.64270014442775]",131833.2150844198,26.317907287661708,150.0,125.09251855171867
13,123841.6662323145,"[-899.62521605719326, 899.7508895722616, 899.96500387482865, -900.44994749188118]",131833.2150844198,8.114961664400083,150.0,34.05067421784285
14,124777.19897917075,"[-899.86432951542258, 899.88407806073894, 899.8874666678222, -899.09359932768302]",131833.2150844198,28.95734742964686,150.0,98.77792030272417
15,121878.7871214469,"[-899.63520136413592, 899.42032695932164, 899.84127248258562, -900.10798151784502]",131833.2150844198,3.7276722767212322,150.0,35.4117734484206
16,124725.23166897592,"[-900.75638970834643, 899.62844191312763, 900.24122061089429, -900.51819862029436]",131833.2150844198,19.06073725927477,150.0,111.32652935557704
17,122831.03092409005,"[-900.82339883206635, 899.47603344288825, 900.44665000463624, -899.77660230140316]",131833.2150844198,11.79374979111701,150.0,118.26692525153369
18,121852.30140331844,"[-899.89757435599313, 899.75485092576093, 900.15128062840108, -899.9106969651416]",131833.2150844198,12.266108402774867,150.0,44.8396364451035
19,121746.7686736963,"[-899.52816414813367, 900.46369891098254, 899.83864482087279, -900.10813628516291]",131833.2150844198,16.938481288622185,150.0,53.47997750806824
20,113212.63567971549,"[-899.66322728974069, 899.507858289723, 900.08277625093501, -898.80861540455453]",131833.2150844198,5.3124695470691075,107.90094472529856,0.0
21,117718.58090625472,"[-900.4251403669831, 900.28861544874144, 899.81317760048967, -899.93102336475533]",131833.2150844198,15.478969666068702,150.0,40.91556002423274
22,105679.75109824541,"[-900.71833479601798, 900.04654521065731, 900.2752649781504, -899.91686768940792]",131833.2150844198,-1.0879088694805612,53.78017678975973,0.0
23,100815.05735634881,"[-900.04982792924488, 899.9398044464798, 898.78896494676212, -899.51531652021356]",131833.2150844198,0.07415627058677039,37.537917329252956,0.0
24,94212.83674607093,"[-900.10347184433988, 899.67268839822827, 899.96767468201256, -900.0444560737335]",131833.2150844198,0.598209446778545,33.51573092680317,0.0
25,101104.59077405966,"[-899.36449982458976, 899.6571491907265, 899.30323916641589, -899.80433916085235]",131833.2150844198,2.2174562705718213,47.93807592639451,0.0
26,94226.18049091539,"[-900.18340475706168, 899.94012099190354, 898.93297706532201, -900.04919900755021]",131833.2150844198,1.8486547116456085,35.842840597864814,0.0
27,89904.43935152722,"[-900.13825755818846, 900.53561737808025, 897.65944349790618, -900.34993385335281]",131833.2150844198,0.9624101742450061,30.11887584575826,0.0
28,74699.22028703624,"[-900.39576717705768, 899.64921823155998, 862.15274701217879, -900.05711927405173]",131833.2150844198,0.49827362796735386,15.295614403435664,0.0
29,70417.82605422544,"[-900.37923187965475, 899.71973542263083, 860.61884691591706, -899.43064596282102]",131833.2150844198,0.005107444056954079,16.253109732872048,0.0
30,74994.60140541442,"[-900.18550432373866, 899.26809161923143, 872.31529782795542, -899.68057569053246]",131833.2150844198,-0.02909603268058045,19.140212516553824,0.0
31,70688.07683576863,"[-899.47476252370677, 900.20454629731842, 823.26810038432473, -900.40369340149346]",131833.2150844198,1.2761056950145913,16.378178041170486,0.0
32,56654.7014638961,"[-899.62255943178707, 900.01454332890944, 604.34924325050906, -900.07224000529266]",131833.2150844198,-0.8983273501882798,8.070420603894664,0.0
33,60374.325809776834,"[-899.43076650028161, 900.06159837830432, 782.25789327950054, -899.74218755024776]",131833.2150844198,-0.35280349360548513,13.650283913916965,0.0
34,48347.344620229545,"[-900.53517340436201, 899.84749515731414, 588.99525602472454, -899.86477863202458]",131833.2150844198,0.32385116064890024,4.396592571849077,0.0
35,46632.437362264005,"[-899.63808480611578, 900.60925425397738, 582.99768668224567, -899.8904949265285]",131833.2150844198,-0.5914097916535361,4.748067901177241,0.0
36,49785.32887148423,"[-900.66425553407282, 899.87756390668733, 736.09063131547066, -899.87250204034854]",131833.2150844198,0.2439354866860092,9.013095065297188,0.0
37,42347.744862809566,"[-899.95879990287688, 900.55612936962643, 499.73256669375479, -900.29478531361576]",131833.2150844198,0.2102121028728664,2.967289626992175,0.0
38,45495.20382718935,"[-900.19929839582619, 900.66089755321491, 657.70743412506022, -899.64066270010858]",131833.2150844198,0.17572607667431872,7.099564126841595,0.0
39,39483.71163659087,"[-899.83333478593727, 900.27859970840734, 518.91642288782589, -900.50258322168588]",131833.2150844198,0.32206617790223524,5.650972405230129,0.0
40,32343.122843627232,"[-899.83706387166524, 900.41681275042117, 429.03939154762372, -900.86085638495479]",131833.2150844198,-1.054423109566894,-0.39282316166058856,0.0
41,27475.03684539698,"[-899.59373585363971, 899.81646010914926, 565.012185702794, -900.20515846390799]",131833.2150844198,0.41675079138122545,0.5359344338575125,0.0
42,21211.21808800879,"[-875.4930043629563, 887.66026546161891, 149.71900803363334, -886.01479772002324]",131833.2150844198,-0.48039080929080763,-2.636609108156304,0.0
43,15794.974927439673,"[-899.38599717159377, 899.9850476435289, 313.91727788732737, -899.72939822204785]",131833.2150844198,1.0337426815274002,-1.008548857053831,0.0
44,15210.766821275864,"[-899.89206468143072, 900.15867234674033, 467.43882304418156, -898.90060051662624]",131833.2150844198,0.5170822816824351,0.3106886348340256,0.0
45,14922.341984709003,"[-899.71671876399489, 899.63571304964159, 478.07018099591522, -899.95377013649329]",131833.2150844198,0.7602791213806318,-1.8575046452864095,0.0
46,15501.044224254989,"[-895.52953693333984, 898.54343288726841, 190.2003127497415, -899.00840382978822]",131833.2150844198,-0.4932306593196042,-0.5665517428710716,0.0
47,43214.14461984486,"[-899.7066751753041, 899.67368636548406, 760.56776563005155, -900.37933125194616]",131833.2150844198,2.328788064133814,4.356968918247777,0.0
48,18314.242013523384,"[-900.30704865258008, 899.93655139403575, 757.12972399285195, -900.63013590113167]",131833.2150844198,0.12487714733769374,-1.1709864126208243,0.0
49,49228.34211045702,"[-900.63833012025361, 899.04799110038005, 891.86828135193002, -900.55172534950577]",131833.2150844198,1.013720947867097,14.823718139184308,0.0
50,61818.22854007024,"[-899.53693573881242, 900.40861975244911, 896.85991090717005, -899.70981188892813]",131833.2150844198,0.6614179595009403,16.81765675934229,0.0
51,83024.18712074573,"[-900.00003939594944, 900.27875296592424, 897.63086603330896, -899.66794993707458]",131833.2150844198,-0.3815431401288411,18.06076062609502,0.0
52,105927.37457845453,"[-899.64816187296765, 899.47542262601792, 900.33324997924205, -900.35692037878005]",131833.2150844198,6.34961259420061,65.72992614773128,0.0
53,117760.21054034206,"[-899.79776209298882, 899.66038845577395, 900.16276577916472, -900.33736735340756]",131833.2150844198,5.2394013987601245,150.0,12.054632060777866
54,124204.84071489278,"[-899.723975816549, 900.64805551624841, 900.37754664833517, -900.00355205291282]",131833.2150844198,22.771917159938265,150.0,128.4152681197769
55,119593.85493961797,"[-899.47511548393879, 900.4600808812819, 900.18156378801518, -900.39849524806152]",131833.2150844198,23.92831118996778,150.0,296.11091977956556
56,124794.19139549378,"[-900.26683392826499, 899.28527282476239, 900.24463670491957, -901.15549572127202]",131833.2150844198,7.928676824997665,150.0,163.23517480948848
57,125090.15120978974,"[-899.41970419392658, 900.04641450392762, 899.44876889435227, -900.76674199140598]",131833.2150844198,-2.6611420763320504,150.0,93.36666890743595
58,123472.98797612698,"[-899.84387010524654, 899.99995452282894, 900.12403041901291, -899.77981384211432]",131833.2150844198,5.838201649825444,150.0,75.29418027767137
59,115434.08593349732,"[-899.97857795846016, 900.65995066231085, 899.60998217099484, -899.59615052867628]",131833.2150844198,6.172080923618173,112.91822894977382,0.0
60,121581.24579445485,"[899.58158025320449, 899.81894878314245, 900.07080412252799, -899.67654354743036]",131833.2150844198,4.106857577226036,150.0,61.84477143211582
61,122249.64218153554,"[899.96203933838444, 899.11139590594644, 900.19016784130497, -900.50030032377788]",131833.2150844198,-59.90948214624577,150.0,120.03424938257962
62,123458.46672452225,"[-900.33171989886796, 899.72144067373438, 900.45194347649988, -899.81342256156199]",131833.2150844198,-7.731350240423001,150.0,159.0573174875604
63,13226.544268366548,"[-870.29626851146008, 900.21380343520457, -734.72977053830914, -900.10501817084014]",131833.2150844198,3.2428100609806343,-1.2822317514209896,0.0
64,24643.846519202794,"[161.87413611168378, 900.09634888170376, -705.11135162211758, -899.23751096902913]",131833.2150844198,-4.445743875060847,-1.7335087166382086,0.0
65,61531.700105130476,"[831.04599121060392, 899.26617573607962, -700.09132685743907, -854.88832169838156]",131833.2150844198,-6.004622324950304,-5.894962539073467,0.0
66,44074.45956448958,"[-833.3437360661743, 900.18241652405857, -800.08766977101106, -899.5018039867598]",131833.2150844198,-16.239270064276287,3.5628923850235314,0.0
67,14904.276942283508,"[725.75563565358789, 900.47781646961357, -864.91853141011597, -900.38114807278407]",131833.2150844198,-17.917130950626696,-3.1315468452058917,0.0
68,14338.06931850187,"[502.44858651986556, 899.48127991611852, -877.11777154372714, -899.53530504060291]",131833.2150844198,-16.928913108604128,1.2093452552965505,0.0
69,15480.862599000235,"[-518.28587953131739, 899.85051628762722, -731.02535950154788, -899.78829274311317]",131833.2150844198,-16.517264959411058,2.152763889873504,0.0
70,18310.330649036365,"[853.87635968845279, 899.15584730764806, -878.6328644356646, -900.40207016694012]",131833.2150844198,-26.09134655396014,0.9616430934077249,0.0
71,58963.74447151131,"[-882.65952040757168, 900.0967196778065, 337.48907323472093, -900.31869052289119]",131833.2150844198,-18.075180203104257,9.563739595705808,0.0
72,104552.6522064197,"[-899.4293752865359, 899.86412979596787, 366.30258542682429, -900.36931373030484]",131833.2150844198,6.557243011203693,-0.3162848082484894,0.0
73,95920.31066946725,"[-900.00991444347142, 900.10762768754262, 826.36765550177483, -899.52293770049107]",131833.2150844198,13.473020502845864,1.762875600990666,0.0
74,101944.56314914288,"[255.42489376013174, 899.82227954789221, 844.29464843005758, -899.75614729802464]",131833.2150844198,-14.07120374796615,0.2112764491193708,0.0
75,20915.017780681326,"[541.47206705085409, 899.15339453619174, 507.12544868508451, -900.10102548840098]",131833.2150844198,-8.159805433866584,0.31722345813892827,0.0
76,89147.13399578896,"[-899.43270270739663, 899.41996620627071, 771.07867944297925, -899.75853712037645]",131833.2150844198,17.660117115944303,0.14015958657099237,0.0
77,178036.4656813023,"[-855.21492726264501, 900.68373329871008, 830.20995536663088, -899.93664310602537]",178036.4656813023,-5.7283661251940785,0.23488035182601263,0.0
78,113580.55871910877,"[-900.38225649154879, 899.50885545659958, 872.09797059125628, -899.87643194538305]",178036.4656813023,2.9191825083868155,4.364678427165249,0.0
79,177284.914177743,"[-899.89906710407331, 899.66641791758138, 896.31623283742692, -900.09074277183447]",178036.4656813023,31.09856256285337,2.7506941816488277,0.0
80,448321.65420138993,"[-889.51126073340743, 899.94707333024257, 462.11697781742185, -899.77835015996914]",448321.65420138993,6.238214861245332,0.35192946645127904,0.0
81,60108.401427114426,"[-899.72472269039247, 900.39632057855351, 854.0438097322899, -900.2131159657348]",448321.65420138993,3.2582148172778886,0.697979076495117,0.0
82,127708.28447907577,"[-900.22155167927713, 900.12767687257599, 899.39741546639641, -899.97128818071849]",448321.65420138993,-14.988869286971681,-1.7230550442641042,0.0
83,170749.83954408288,"[-900.12588462570909, 900.12479006030662, 900.12844114394738, -899.41590603470058]",448321.65420138993,-46.00327454320486,-2.220009529131666,0.0
84,143219.99693765782,"[-862.05705120303742, 900.24144449025152, 894.60274646758194, -899.48364870623971]",448321.65420138993,-22.278917688821018,-20.936233223302075,0.0
85,122870.29869557348,"[-614.76919426164625, 899.53591295086267, 900.60035574000608, -899.65672523433602]",448321.65420138993,-83.37307671735024,4.381428847616756,132.93445565496535
86,123708.47949979003,"[897.39494257929482, 899.98777974772759, 900.35212765753249, -899.88587429691893]",448321.65420138993,5.7852279387446135,34.3768889069937,137.64354296723099
87,127438.08069631965,"[900.50035756501018, 899.81319149550279, 900.44064945623734, -899.84375329737475]",448321.65420138993,-1.1155407555627004,-100.39573403919661,111.40985725403459
88,124048.2083808255,"[900.07864556035497, 898.6738347564127, 900.02006228092159, -900.14092892090616]",448321.65420138993,-66.97005042751694,-12.933157206305667,123.66096988546383
89,115104.56620702228,"[-899.4781612673778, 899.58802320345853, 899.81062711361699, -900.26467102221307]",448321.65420138993,-51.28831853145264,150.0,300.0
90,122288.08672522841,"[-900.63232012018, 899.63975754426644, 900.61395987409082, -899.6279613225679]",448321.65420138993,-15.000479651769862,150.0,194.749162623201
91,108954.52723264662,"[-900.06056843324154, 899.75833663301853, 900.12081782404096, -899.33545825186513]",448321.65420138993,-43.8035435588598,150.0,300.0
92,115455.19920763964,"[899.98276412448411, 900.79083027454135, 899.78297698850167, -900.19737507218713]",448321.65420138993,-78.8172983060944,29.533240718612436,190.7166406951973
93,108479.33425689762,"[-899.56107501065037, 899.73273878213683, 900.18193277378975, -899.6957068834663]",448321.65420138993,-70.22463976829968,115.93695782090528,215.11124338807724
94,123382.09524608303,"[897.30464544497386, 900.10897258480372, 899.44987020522103, -900.23701814662809]",448321.65420138993,-70.69279367472824,12.339794149502085,138.6054064528423
95,136196.9964897178,"[-900.01409342304578, 899.82780874392142, 899.72748422632674, -900.25372901250012]",448321.65420138993,-102.42883559196848,6.471523303879787,18.648201122044203
96,115211.09661189475,"[-899.83421195455242, 899.99052688676284, 900.71243778609414, -899.36540596426937]",448321.65420138993,-22.69067409560772,35.796009045237305,189.95603314714762
97,127640.93515876208,"[-899.70172797961993, 899.88248560397562, 899.74646252243042, -899.96698561076073]",448321.65420138993,-78.49873545515082,10.805498439914718,107.77852547980577
98,112665.04040405572,"[-899.87170628824049, 900.69646007946142, 899.82099280283069, -899.47904337204511]",448321.65420138993,-46.99104383153855,150.0,263.478241524846
99,114620.1822053409,"[-900.56518944726486, 900.01596852754108, 899.87422307050269, -899.49119050289437]",448321.65420138993,-38.681253348376394,150.0,242.18143263108828
100,108892.89013652869,"[-899.0949558378818, 899.95174796706851, 899.6453728610802, -900.14131820416367]",448321.65420138993,-36.4675923816125,150.0,269.7500663167893
